F1:  [ 0.86753658  0.40277778  0.76018318  0.44776119]
Confusion Matrix
[[3291   40  641   24]
 [  13   29   19    0]
 [ 279   14 1577   20]
 [   8    0   22   30]]

F1:  [ 0.8614656   0.46357616  0.74860606  0.52554745]
Confusion Matrix
[[3274   39  662   21]
 [  12   35   14    0]
 [ 310   16 1544   20]
 [   9    0   15   36]]


Tree Confusion
[[2579    0  608    2]
 [  18   23   31    0]
 [ 264    1 2333    7]
 [  10    0   45   15]]
Tree F1
[ 0.85115512  0.47916667  0.82995375  0.31914894]

Tree Confusion
[[2579    0  608    2]
 [  18   23   31    0]
 [ 264    1 2333    7]
 [  10    0   45   15]]
Tree F1
[ 0.85115512  0.47916667  0.82995375  0.31914894]
0.816880306309
F1:  [ 0.86377344  0.46715328  0.75109383  0.52941176]
Confusion Matrix
[[3294   32  649   21]
 [  14   32   15    0]
 [ 314   12 1545   19]
 [   9    0   15   36]]